50
1000 1 19 15 17 14 8 20
1000 8 19 14 16 1 4 20
1000 10 12 9 15 14 1 20
1000 0 999995001 1 0 10000 10000 1000000000
2 107041714 355328507 0 0 105881800 924943371 943564677
3 474735971 995107509 0 0 832397843 607482889 980464151
4 93243924 984202983 0 0 855949044 377318359 987589995
2 630292702 923395676 0 0 518258315 208857809 924228249
4 257115776 621265131 0 0 51538675 456841891 962002799
1000 38916221 986908321 0 0 629516305 754846432 977515399
1000 81928265 256084634 0 0 872945960 489157028 914239255
1000 746373016 799398223 0 0 758189766 409384035 940781600
1000 23044278 88305678 0 0 385006311 961153636 966707145
1000 264760657 963813731 0 0 130040762 128631086 996257548
1000 357621518 976818299 769803949 471334502 0 0 967748191
1000 25312880 75726658 412061141 425837890 0 0 961484090
1000 548465265 658668871 996802403 297484474 0 0 984089754
1000 786018551 890878746 837941429 499473640 0 0 902488280
1000 73616641 969981737 136454575 275016827 0 0 987883661
1000 356158810 669177934 43096204 808551680 5991373 79146432 870471271
1000 134943817 956592767 609245920 978947230 705418464 707318505 970415236
1000 860238317 884078267 101489432 914708550 647570124 910244919 954009286
1000 182382153 694941478 759965190 525332865 807007434 996250998 996572697
1000 510957310 855983868 834117294 496563251 659479991 57739674 934737708
1000 139756716 863364854 413799049 856546431 376190301 214708740 994304056
1000 321802680 415525929 140282264 704317481 842699915 426795690 991300288
1000 708551921 758659957 859637237 780866547 297483925 658357450 998327839
1000 118073742 785896035 13505101 12306836 289988564 117188563 980542986
1000 359085305 691423160 432944404 603253086 288407923 721368208 978128903
1000 86415814 266536825 93047347 470054343 77470008 799219371 979778896
1000 195126152 909765256 79613108 561369965 222570910 215046358 996745098
1000 616934278 971990703 278545040 852108306 748228095 420018339 994411513
1000 102102435 145037613 232449302 102459835 775579938 173397947 922400912
1000 31622213 877228098 508277030 244570517 867024022 94487526 981411772
1000 324477590 990152275 677837819 125461547 860929622 817741865 990645732
1000 704091705 980430160 827035358 476818460 114977748 560729676 981295774
1000 51007760 375298774 890000799 553676093 139322740 289270050 946407193
1000 74179756 891139845 981570624 712585991 757619120 888825009 962128901
1000 666860132 990008184 459937324 4259171 726138214 905069546 988676171
1000 600710405 862038471 945752244 482275244 441734805 342313209 973444136
1000 57149078 537369028 951027124 239832813 244522508 587697608 956060970
1000 139507620 955744217 773629052 443226926 854398561 74685940 890341547
956 409387293 826317514 1538223 894439954 619698687 843705387 978165652
947 347633372 594149364 596998676 158430331 825763551 994662773 996006044
973 645481876 659169087 759022926 343384615 319958016 278355247 997461612
900 140017023 149810470 951082623 694363893 867341917 390121527 989651823
1000 124503367 360718475 116575228 576840466 842385693 144346199 972229031
1000 435272224 849178313 184499335 662432231 511970216 180607915 961561125
1000 319294392 973563187 127321951 765199055 408800875 589591208 991544313
1000 23309145 123435586 132434470 52083902 89454834 565634438 939276716
