50
1000 1 19 15 17 14 8 20
1000 8 19 14 16 1 4 20
1000 10 12 9 15 14 1 20
1000 0 999995001 1 0 10000 10000 1000000000
1 94513180 641187581 0 0 95164048 257618366 963622905
3 58786950 245330796 0 0 787147321 218740167 983292168
4 561265916 779875012 0 0 420168341 354503528 988967361
2 22985424 461986193 0 0 376558324 184038348 930535067
4 48507485 501767743 0 0 594081638 483699972 930895109
1000 428024466 852336017 0 0 610151058 481180971 961118171
1000 337720804 405589877 0 0 19178536 287091968 989167550
1000 17573720 981378993 0 0 354453944 236948238 988791763
1000 52591938 913776937 0 0 679052929 624850707 978220568
1000 833966652 998562753 0 0 150708404 377342343 957558074
1000 620115107 726727571 915383457 146615033 0 0 985653856
1000 13907764 409029278 813391767 502171986 0 0 981929987
1000 109401523 171891476 827124491 748876340 0 0 978880259
1000 800320247 869527401 745527086 331925365 0 0 933249495
1000 117691213 633704409 540240287 360069396 0 0 979598267
1000 17393010 605935400 279250057 721649018 478020635 894792296 976717052
1000 479888750 877772831 163988405 937224422 511104782 566990971 987602810
1000 131111291 536385353 676957890 35543530 239870868 151879333 973236853
1000 58749270 327428286 179986758 907550766 245392380 142598668 962654030
1000 101131376 965072160 790414424 575903607 324397811 798184295 937451816
1000 57578451 600550669 81351298 464240622 18076775 15591470 977762177
1000 20221365 408405983 898273611 249896978 753810559 637284848 964023024
1000 559505205 769395868 797956608 673027003 776951899 405631837 993610281
1000 5429983 13414076 617355927 316160282 665372905 89447146 958431045
1000 591268358 964446599 914150821 293495534 978581394 68040770 977358852
1000 323805059 981130323 184800720 102270952 369689796 642822192 953385065
1000 414690037 765771708 376665365 803354014 781412026 356827085 989129641
1000 623058018 974371278 973280229 215746431 857303455 745943007 997312230
1000 306125472 684470303 456151647 237513569 909769446 300197593 997694506
1000 549613500 677111642 384740693 40595796 984512379 154651124 941382416
1000 442252652 516789055 521943920 677815718 638191882 105232600 984601941
1000 876126908 922376105 98214613 997581097 8326320 424348294 969122484
1000 141055501 934827151 536031187 146200822 878046617 335134826 968270145
1000 698833115 806674780 783600589 193081801 926110385 10009445 997587761
1000 655470731 846540947 736189276 787813166 182479979 606877993 999878693
1000 120005075 409650661 49658239 912884997 220030354 3825777 993102183
1000 893975489 904805114 907988985 31500485 797827388 95093676 993506838
1000 57938427 985945560 714078972 349293631 724338414 822765290 970326241
946 959765659 986539947 973861480 285899868 745824950 838944640 999888341
994 674450989 740163466 6476057 271041323 457368680 862694759 996957736
967 141364712 380154702 535936983 21245332 485441456 484383390 980631090
910 48555545 73990837 709334299 154121308 661403082 556632632 918055138
1000 10558331 795765963 60320862 4338340 309197748 769133866 973367905
1000 200307340 966453968 539354295 733924123 272318121 924161835 908303646
1000 810911736 970472074 414348678 239686905 187238183 515280448 931357964
1000 543834733 955516370 556430625 55539344 165085150 602974319 961452238
